$ANSIBLE_VAULT;1.1;AES256
38346133356533363465616633383465653634633832653631356261356165626162363533633564
3063393864613830636434636264626363386438653439310a653738376430386430343136633232
31613661653438303633303939366436613530646134636530336238343061623132613839663362
6365333138306561370a323437366337323139613532306161393638353431373932303564636366
62386436313666336532626235303638313161626536653330636532346163373232363435363532
61663137353936633161323736323665373035356266306561613536366632363431626465633465
65343664383834303532313731306338356330636163633061383633633131663566616536316562
66636163626264363439633136336566646138353664333539613531666330343561383336613138
66393631303538633737306236393939626138333162313463643033613135643566323665396636
65343038313666663132336337373439303838366434646637626637353662343331303464333531
65383833333039336431306364353666643561383163373863383436303663363730393230363564
62316235613964626530663936363963356339346465373430346634323330346464636539643239
62663764303234356366633466326138633863636164613436613566313937623537663861353966
37653832383937363762666139616334363030343562333737383739356633633837636663326565
32636133306566386631643164626135303163346135383062356336353335373431376365663333
62663735633433646238356366373934623733616630653437333632313035303236623138336434
66353038646231336233343430333237306564626137383164393464653330323262623766653866
37626536333962643239346630316463623763363733633437383364353164373635646635656664
65366639376362366662653462613635643638633131656237333832633462663331616262373039
38666132643663336466363630663038383538383961386637383161306136303732643566306365
61656335343863663235393962336439386632396631386534353339623138353961613039303361
66343433653266636631323237326562616636666535363539356138656463323966373232373438
31353035393066343039316332363039663138343033363266336463656563626461383139616666
65353862666331323334343365383238623731663234623837623636623832393362613763376631
66363461326330636565363030333366303238316632616463396461626237383363333861663865
33656431366565643437613036326132356331336332636361326535646435396132653438386235
39393834303266613033383965313735303134316266313430633932373063623732383234313936
37643235336364303930346237333664303138356636383533383762353262383365393331346534
32633138313134643839643766343934353635626565643564613733616334306332323937363739
34386237343536616562343535646438373036663637643331636266383932386137306535356232
39373865663661636130356562343332663030353361393532646465353162303263346232316530
32336634323333666635613431393466656337643534653637373030626535333830623766636364
33323962653535663131303864393430393663323731363062366133313664373564316533396664
37636461653666623035376435333835636535373138366530656165326333656666303432333732
66303935653566393932613433343161333530653731626130393961633432353666386339396435
35363338663562653631303463376336366466643331343835373439383936373133633666306633
66366638613536356137623235303534636133383663326161326661393635623632373763343038
39636230633063643338373264663064343364393961666463346634623235373466343364613136
61386537356463613862626263386236353430326261303864643432326262353838396232613631
35373832653963303633353630333766323431383034306436333764306639626435646436383763
62363131313635323736633265346366396239303331323466343763646239383635336138333538
62353764366361653436613236613636356232613366636532353564636163323263356332306264
36373939616533313962333733643038646562666538393562343138353134393863303031363736
36343831643461653330623534613436663864346363623330333562386563353365363562353238
34353337366233353063646433396362376237386462346539333833363864636562383132663763
65393436353564313136636336643832366634356436656130333637346364393330626337316339
38373636323862656536373639306132373862343631613332343163386332643663323836306435
31336165323665653233373431633365396265323334393762366535653763633436663730343239
37646231343430353835343831323137386365383663616461373263663831643038356139396565
33613836376163343761323334316137306465363332333131363063383763393264386566303934
34343838313334623136343766633963663939383461366437343230373239356333653738303431
34306136316166633636393532383364666537366339646564356666306362306430386333393865
65613435343936633265663064623561656139366161623030356337313435373432353166356161
62663332663635363238373665333561613436643662643265646463343964383462383162393962
37623861376364373936333037353733376163326662343633363539323130393736646539636336
31393566336431366639303965643430396361363766623361346237653038343337306164396362
35376239366330613261366631343432326338663436396233323262316434333062323631636134
37613330373564303934633264373636366664343162313161366436653061343334356162306132
35383437633035383135396538636439333464306134326664663731656231313036363565623363
63643261353764363062333834303335656136383937383431613036363738623861626565366234
65363831326365373065666534333862333935353562316437336461383730643065373433383866
64336632663039613930643063363364333735373662353838363666646530313639633238336531
64363366306533363632663339383237336463663466626565643132633862336363326631616535
36383736313030663134623966633464373638383337333033333564623630626339613461313737
35333532366538323833343532386237353466623030633731666663333361643136663364383465
35323338346262626666326162613861316334623136356539326331373933663063333839613862
35333062663335316534613263623063376237396565336566333561336364333339613636623965
65613031656466363166323330346237626632323733396166363339346464363336396132636165
33303334363437313730343234633966663836623364303335633438336365616232393237353832
64626236666338653030383136656131313634303762633562643532366364646665333335646633
36343461623937646166643631643562356539353934393864363333623438616130316132336565
33643538386431363966363562366465623262643132366633656363636439663636303961353765
32303931656234393936303762633366663865623539616365623935366438663138396333393362
33393939646436313766636232643831346536623639366536653639356661386534623638623964
66316464333035306430666261353832306662636561646661326233656232383562663634613561
38343535386536393334366532613234303966646262656166393264333532386162336534616537
37663932376533313935336666306331366637613564363634356335386366643931313631363134
39366564363132653130353737353031666663626466363566666132386139323732633632613166
66343334343731333662393735616238646330656261396332396563613063323163666530616165
35346662653731313130336235376666396337343332616333303433373333616366386234333363
36316238353564373366363233346366313738376333633365346361323264316236656638623538
62613832623262343465653534613530326165633264656262336430643234333433656364643865
35616565306538626163623038323932313938656238666566303062653532323331633136376266
31393531366332323133383663663139656561626664636531396666303630633532666538656134
31336630393066363062643934616238356636616631393538643339313239333865313631336665
38633866383936373364636330306166326431666631623163333264383666643338313565633865
31376235643664303934643035333562343931613263303530366531376334323665373864643765
62393161313835363162653539326439346130373436343730303637386135653530656636666337
64326366313936396435626266333536383461653731323562373630366162303365666231636232
66343039373462356237336139353835653833666630613930643864613634313733653833373861
61393038346435616137613836333966613333376332336134383664303432653039343364326161
38666233333435643861633433653935663365363133666261333662343361306137323266303837
33623231363665623364386364626265393166363639306165336462613239656265613538646432
37313163646565616166333335353063363530366439636435353239353834663638303163353338
61626136336231356637646437663763393239303762393964396163333666626332326563313230
36303366653866363437396166303366636137363233626432346238663231346665383961333539
37306432666230306437653933386162333330303464666530643561623462303164363164303638
32303462373863323963653731383530336232396662313931663232663436616265316235386561
34303434623732356432333035356632373764656237363561343365643761333435343935336665
30393463303633653366636437306363316136303331343161313636336665663730333263663731
30343136376163643437303436363965326164366532303734306137396639303933623963336263
32326430646533363137663632633736313435386337383164623233656262323331613166373237
32333537643666333666653264643834383539346434353432303637653936653262336336643332
39346139643739386335623330666439363565393439303136353134663137303234646436633836
35316365666465643965313661323438633065666163396134376436316436353330303461623261
66383362386331353264303632663235643839333836653737663863376666393462643761636464
37666166626134653063376636383238333439663230386664343736373062363937616165333530
64323263643639663536613736633730376631353533393061373834656537633766343538386164
66636332326161656433346663656161633364346462666664646132666639656532366430666133
62643435646232613434656237353135393961386138333636326330333734623463343538396133
33353134396331336637613538653661333064383634313734373964626533366134326162613739
34396333343230663361336430316363353435366235366537393464333866303665346561643133
36383435353966393135373264393738643833316234376339306564663937393532323238376631
35363064346137653632663166313031346462626165626434616138623062643833343130656263
34303636656233653639343139363764393036653165356335373266666233323164653763623033
32313837636436616663326134316533656562353636363932653665623363636531646439353033
37303336326463356464666364653362316537393663376634356438356237386435663465396132
31343731303862623033306338316231373635613730393637326232613039346139353261653862
36343363656439343364326235396563333833313730313633623637393937333138646664316337
33653133656461353464656633343932626665326439343236393262333165313063313563336338
64343262633736663261626639656637626166663533303162363737616235313238396235663036
65376666393930383037323462633839346233663330303465316232623663303264613233633539
37646634336163313739336366666439343537386161663565383037343133626138656633353733
64666238326434613865326666623137343239353264306564663664363762343334616432373333
63613737626332346266383765356338323430333366333632323061383762373765353361326166
35393066323365346130333233613665643662323635386261613234633933653066346338343039
313738636132633933373739353161343830
